18
00-02 04 07 08 10 12 13 15 16 18 19 21 22 23 24
01-01 03 05 06 07 09 10 11 12 14 17 18 20 23 25
02-02 04 06 08 09 11 12 13 15 17 19 20 21 23 25
03-01 03 05 06 07 09 12 13 14 16 17 19 22 23 25
04-01 03 05 06 08 10 11 13 15 16 18 20 21 23 25
05-01 02 04 07 09 10 12 14 15 17 18 19 21 22 24
06-02 04 05 06 08 10 11 12 14 15 16 18 20 22 23
07-02 03 05 06 07 09 11 12 13 15 17 19 21 23 25
08-02 03 06 08 10 11 12 13 15 17 19 20 22 23 25
09-01 03 04 06 09 10 11 13 14 17 18 20 22 23 25
10-01 03 04 05 07 08 10 12 14 15 16 18 19 20 23
11-04 05 07 09 10 11 12 13 14 17 18 20 22 23 24
12-02 03 05 06 07 08 10 11 12 14 15 18 20 22 23
13-01 02 06 07 08 10 13 14 15 17 18 20 22 23 25
14-01 02 03 07 08 09 11 13 14 15 16 17 19 22 24
15-02 03 04 05 08 09 12 13 14 15 17 18 20 22 25
16-03 05 06 08 09 10 12 13 14 16 18 19 21 22 24
17-02 03 04 05 07 08 10 11 13 14 15 17 19 20 23