64
0-1 2 3 4 5 6 7 8 9 10 18 19 20 21 22 23 24 25
1-1 2 3 4 5 6 7 8 9 10 11 12 13 14 15 16 17 18
2-1 2 3 4 5 6 7 8 9 10 11 12 13 14 15 16 17 19
3-1 2 3 4 5 6 7 8 9 10 11 12 13 14 15 16 17 20
4-1 2 3 4 5 6 7 8 9 10 11 12 13 14 15 16 17 21
5-1 2 3 4 5 6 7 8 9 10 11 12 13 14 15 16 17 22
6-1 2 3 4 5 6 7 8 9 10 11 12 13 14 15 16 17 23
7-1 2 3 4 5 6 7 8 9 10 11 12 13 14 15 16 17 24
8-1 2 3 4 5 6 7 8 9 10 11 12 13 14 15 16 17 25
9-1 2 3 4 5 6 7 8 9 10 11 12 13 14 15 16 25 18
10-1 2 3 4 5 6 7 8 9 10 11 12 13 14 15 16 18 19
11-1 2 3 4 5 6 7 8 9 10 11 12 13 14 15 16 19 20
12-1 2 3 4 5 6 7 8 9 10 11 12 13 14 15 16 20 21
13-1 2 3 4 5 6 7 8 9 10 11 12 13 14 15 16 21 22
14-1 2 3 4 5 6 7 8 9 10 11 12 13 14 15 16 22 23
15-1 2 3 4 5 6 7 8 9 10 11 12 13 14 15 16 23 24
16-1 2 3 4 5 6 7 8 9 10 11 12 13 14 15 16 24 25
17-1 2 3 4 5 6 7 8 9 10 11 12 13 14 15 24 25 18
18-1 2 3 4 5 6 7 8 9 10 11 12 13 14 15 25 18 19
19-1 2 3 4 5 6 7 8 9 10 11 12 13 14 15 18 19 20
20-1 2 3 4 5 6 7 8 9 10 11 12 13 14 15 19 20 21
21-1 2 3 4 5 6 7 8 9 10 11 12 13 14 15 20 21 22
22-1 2 3 4 5 6 7 8 9 10 11 12 13 14 15 21 22 23
23-1 2 3 4 5 6 7 8 9 10 11 12 13 14 15 22 23 24
24-1 2 3 4 5 6 7 8 9 10 11 12 13 14 15 23 24 25
25-1 2 3 4 5 6 7 8 9 10 11 12 13 14 23 24 25 18
26-1 2 3 4 5 6 7 8 9 10 11 12 13 14 24 25 18 19
27-1 2 3 4 5 6 7 8 9 10 11 12 13 14 25 18 19 20
28-1 2 3 4 5 6 7 8 9 10 11 12 13 14 18 19 20 21
29-1 2 3 4 5 6 7 8 9 10 11 12 13 14 19 20 21 22
30-1 2 3 4 5 6 7 8 9 10 11 12 13 14 20 21 22 23
31-1 2 3 4 5 6 7 8 9 10 11 12 13 14 21 22 23 24
32-1 2 3 4 5 6 7 8 9 10 11 12 13 14 22 23 24 25
33-1 2 3 4 5 6 7 8 9 10 11 12 13 22 23 24 25 18
34-1 2 3 4 5 6 7 8 9 10 11 12 13 23 24 25 18 19
35-1 2 3 4 5 6 7 8 9 10 11 12 13 24 25 18 19 20
36-1 2 3 4 5 6 7 8 9 10 11 12 13 25 18 19 20 21
37-1 2 3 4 5 6 7 8 9 10 11 12 13 18 19 20 21 22
38-1 2 3 4 5 6 7 8 9 10 11 12 13 19 20 21 22 23
39-1 2 3 4 5 6 7 8 9 10 11 12 13 20 21 22 23 24
40-1 2 3 4 5 6 7 8 9 10 11 12 13 21 22 23 24 25
41-1 2 3 4 5 6 7 8 9 10 11 12 21 22 23 24 25 18
42-1 2 3 4 5 6 7 8 9 10 11 12 22 23 24 25 18 19
43-1 2 3 4 5 6 7 8 9 10 11 12 23 24 25 18 19 20
44-1 2 3 4 5 6 7 8 9 10 11 12 24 25 18 19 20 21
45-1 2 3 4 5 6 7 8 9 10 11 12 25 18 19 20 21 22
46-1 2 3 4 5 6 7 8 9 10 11 12 28 19 20 21 22 23
47-1 2 3 4 5 6 7 8 9 10 11 12 29 20 21 22 23 24
48-1 2 3 4 5 6 7 8 9 10 11 12 20 21 22 23 24 25
49-1 2 3 4 5 6 7 8 9 10 11 20 21 22 23 24 25 18
50-1 2 3 4 5 6 7 8 9 10 11 21 22 23 24 25 18 19
51-1 2 3 4 5 6 7 8 9 10 11 22 23 24 25 18 19 20
52-1 2 3 4 5 6 7 8 9 10 11 23 24 25 18 19 20 21
53-1 2 3 4 5 6 7 8 9 10 11 24 25 18 19 20 21 22
54-1 2 3 4 5 6 7 8 9 10 11 25 28 19 20 21 22 23
55-1 2 3 4 5 6 7 8 9 10 11 18 29 20 21 22 23 24
56-1 2 3 4 5 6 7 8 9 10 11 19 20 21 22 23 24 25
57-1 2 3 4 5 6 7 8 9 10 19 20 21 22 23 24 25 18
58-1 2 3 4 5 6 7 8 9 10 20 21 22 23 24 25 18 19
59-1 2 3 4 5 6 7 8 9 10 21 22 23 24 25 18 19 20
60-1 2 3 4 5 6 7 8 9 10 22 23 24 25 18 19 20 21
61-1 2 3 4 5 6 7 8 9 10 23 24 25 18 19 20 21 22
62-1 2 3 4 5 6 7 8 9 10 24 25 28 19 20 21 22 23
63-1 2 3 4 5 6 7 8 9 10 25 18 29 20 21 22 23 24
