12
00-01 03 05 08 10 12 13 15 17 18 19 20 21 23 24 27 30 32 33 35 36 39 42 44 47 50 51 53 56 58 59 61 63 65 66 69 71 72 74 77 80 81 84 86 88 89 93 94 97 99
01-01 03 05 08 10 12 15 16 18 20 21 23 24 26 28 31 33 34 35 36 37 39 42 44 46 47 50 52 53 55 56 58 59 62 63 65 66 68 72 74 77 79 82 85 86 88 90 92 94 97
02-01 04 08 10 11 13 16 20 22 25 27 33 37 38 41 42 43 44 45 46 47 48 49 52 53 54 56 59 62 63 64 65 66 67 68 69 70 72 74 75 76 79 82 84 87 89 90 92 95 99
03-01 04 06 08 10 11 12 14 15 18 22 24 26 27 29 31 32 35 37 38 42 44 46 48 50 51 52 55 56 58 62 63 66 67 69 71 74 76 79 80 82 83 84 87 88 92 93 95 97 99
04-01 02 05 07 09 12 13 15 16 18 21 22 24 27 30 32 33 35 37 38 43 44 46 47 49 51 52 54 55 58 61 63 66 67 70 74 75 77 79 80 82 83 86 88 89 91 93 95 97 98
05-02 03 06 07 08 11 12 14 16 19 22 23 27 28 30 31 34 35 38 39 42 43 46 47 49 51 52 55 58 60 63 64 66 68 69 72 75 77 78 80 81 83 84 86 89 92 95 97 98 00
06-02 03 05 07 09 11 13 14 17 20 22 25 28 29 30 31 32 33 37 39 42 44 45 46 48 53 54 56 57 59 62 64 66 67 69 73 75 77 79 80 82 84 85 86 89 91 93 96 97 99
07-02 03 05 07 09 11 12 16 18 20 21 22 24 27 29 33 35 36 38 39 42 43 46 47 50 51 54 56 58 59 62 63 65 67 68 74 76 77 79 80 82 83 85 87 89 91 93 94 96 98
08-02 03 05 08 09 13 14 17 18 20 21 23 24 28 29 32 34 35 38 39 41 43 45 46 47 52 53 55 58 59 63 64 67 68 70 71 73 74 78 79 82 84 85 88 89 91 93 95 96 97
09-02 03 06 07 08 13 16 17 19 20 22 24 25 27 29 31 33 35 36 38 42 44 47 49 50 51 53 55 58 59 64 65 66 67 70 72 73 75 78 79 81 82 84 86 87 92 93 96 98 99
10-01 04 05 07 09 10 12 13 14 16 17 18 21 23 26 28 32 34 35 38 40 42 43 45 46 47 49 52 54 57 59 62 63 65 68 72 74 76 77 79 83 84 86 88 92 93 95 96 97 98
11-01 03 04 06 08 11 12 14 16 17 20 23 26 28 31 32 33 35 36 39 42 44 45 47 50 51 53 56 58 62 64 65 67 68 70 72 74 76 77 79 81 82 85 86 88 89 91 93 95 98